01  0435 1841  0502 1834  0525 1808  0545 1731  0604 1658  0624 1641  0633 1644  0621 1700  0550 1719  0513 1736  0439 1757  0424 1823
02  0436 1841  0502 1833  0525 1807  0546 1730  0605 1657  0624 1640  0633 1644  0620 1701  0549 1719  0511 1736  0438 1758  0424 1824
03  0436 1841  0503 1833  0526 1806  0546 1728  0606 1657  0625 1640  0633 1645  0620 1702  0548 1720  0510 1737  0437 1759  0424 1825
04  0437 1841  0504 1832  0527 1805  0547 1727  0606 1656  0625 1640  0632 1645  0619 1702  0547 1720  0509 1738  0436 1800  0424 1825
05  0438 1841  0505 1831  0527 1804  0548 1726  0607 1655  0626 1640  0632 1646  0618 1703  0546 1721  0508 1738  0436 1801  0424 1826
06  0439 1841  0506 1830  0528 1803  0548 1725  0607 1654  0626 1640  0632 1646  0617 1703  0544 1721  0507 1739  0435 1802  0424 1827
07  0439 1841  0507 1830  0529 1801  0549 1724  0608 1653  0627 1640  0632 1646  0616 1704  0543 1722  0505 1740  0434 1802  0424 1828
08  0440 1842  0508 1829  0530 1800  0550 1722  0609 1653  0627 1640  0632 1647  0616 1705  0542 1723  0504 1740  0433 1803  0424 1828
09  0441 1842  0509 1828  0530 1759  0550 1721  0609 1652  0627 1640  0632 1647  0615 1705  0541 1723  0503 1741  0433 1804  0424 1829
10  0442 1841  0509 1827  0531 1758  0551 1720  0610 1651  0628 1640  0632 1648  0614 1706  0539 1724  0502 1741  0432 1805  0424 1830
11  0443 1841  0510 1826  0532 1757  0551 1719  0611 1650  0628 1640  0631 1648  0613 1707  0538 1724  0501 1742  0431 1806  0425 1831
12  0444 1841  0511 1825  0532 1755  0552 1718  0611 1650  0629 1640  0631 1649  0612 1707  0537 1725  0459 1743  0431 1807  0425 1831
13  0444 1841  0512 1825  0533 1754  0553 1717  0612 1649  0629 1640  0631 1649  0611 1708  0536 1725  0458 1743  0430 1808  0425 1832
14  0445 1841  0513 1824  0534 1753  0553 1716  0613 1648  0629 1640  0631 1650  0610 1708  0534 1726  0457 1744  0429 1808  0425 1833
15  0446 1841  0514 1823  0534 1752  0554 1714  0613 1648  0630 1640  0630 1651  0609 1709  0533 1727  0456 1745  0429 1809  0426 1833
16  0447 1841  0514 1822  0535 1751  0555 1713  0614 1647  0630 1640  0630 1651  0608 1710  0532 1727  0455 1746  0428 1810  0426 1834
17  0448 1841  0515 1821  0536 1749  0555 1712  0615 1647  0630 1640  0630 1652  0607 1710  0531 1728  0454 1746  0428 1811  0426 1834
18  0449 1840  0516 1820  0536 1748  0556 1711  0615 1646  0631 1640  0629 1652  0606 1711  0529 1728  0453 1747  0427 1812  0427 1835
19  0450 1840  0517 1819  0537 1747  0556 1710  0616 1645  0631 1640  0629 1653  0605 1711  0528 1729  0452 1748  0427 1813  0427 1836
20  0451 1840  0518 1818  0538 1746  0557 1709  0617 1645  0631 1641  0628 1653  0604 1712  0527 1729  0450 1748  0427 1814  0428 1836
21  0452 1839  0518 1817  0538 1744  0558 1708  0617 1644  0631 1641  0628 1654  0603 1712  0525 1730  0449 1749  0426 1814  0428 1837
22  0452 1839  0519 1816  0539 1743  0558 1707  0618 1644  0632 1641  0627 1655  0602 1713  0524 1730  0448 1750  0426 1815  0429 1837
23  0453 1839  0520 1815  0540 1742  0559 1706  0618 1644  0632 1641  0627 1655  0601 1714  0523 1731  0447 1751  0426 1816  0429 1838
24  0454 1838  0521 1814  0540 1741  0600 1705  0619 1643  0632 1642  0626 1656  0600 1714  0522 1732  0446 1751  0425 1817  0430 1838
25  0455 1838  0522 1813  0541 1739  0600 1704  0620 1643  0632 1642  0626 1656  0559 1715  0520 1732  0445 1752  0425 1818  0430 1838
26  0456 1837  0522 1812  0541 1738  0601 1703  0620 1642  0632 1642  0625 1657  0557 1715  0519 1733  0444 1753  0425 1819  0431 1839
27  0457 1837  0523 1810  0542 1737  0602 1702  0621 1642  0632 1642  0625 1657  0556 1716  0518 1733  0443 1754  0425 1820  0431 1839
28  0458 1836  0524 1809  0543 1736  0602 1701  0621 1642  0632 1643  0624 1658  0555 1716  0516 1734  0442 1754  0424 1820  0432 1840
29  0459 1836             0543 1734  0603 1700  0622 1641  0633 1643  0623 1659  0554 1717  0515 1735  0441 1755  0424 1821  0433 1840
30  0500 1835             0544 1733  0604 1659  0622 1641  0633 1643  0623 1659  0553 1718  0514 1735  0441 1756  0424 1822  0433 1840
31  0501 1834             0545 1732             0623 1641             0622 1700  0552 1718             0440 1757             0434 1840