20181017
20181017
20180920
20180920
20180920
20180920
20180920
20180920
20180920
20180920
20180920
20180920
20180920
20180920
20180920
20180920
20180920
20180920
20180920
20180920
20180920
20181018
20180924
20181019
20181019
20181019
20181019
20181020
20181020
20181020
20181022
20181022
20181022
20181022
20181019
20181022
20181023
20181019
20181019
20181019
20181019
20181019
20181019
20181019
20181019
20181019
20181019
20181019
20181019
20181019
20181019
20181023
20181023
20181023
20181023
20181023
20181023
20181023
20181023
20181023
20181023
20181023
20181023
20181022
20181022
20181023
20181024
20181024
20181024
20181025
20181026
20181026
20181025
20181026
20181025
20181026
20181026
20181027
20181029
20181028
20181028
20181025
20181028
20181028
20181028
20181029
20181029
20181029
20181029
20181029
20181029
20181029
20181030
20181029
20181029
20181030
20181029
20181030
20181028
20181028
20181028
20181028
20181028
20181028
20181028
20181028
20181028
20181028
20181028
20181028
20181028
20181028
20181028
20181028
20181028
20181028
20181030
20181028
20181028
20181028
20181028
20181028
20181028
20181028
20181028
20181028
20181027
20181028
20181028
20181028
20181031
20181031
20181031
20181028
20181031
20181101
20181101
20181102
20181103
20181104
20181105
20181104
20181106
20181107
20181108
